[[[136 148 126]
  [134 146 124]
  [133 145 123]
  ...
  [139 137 159]
  [142 140 162]
  [141 139 161]]

 [[136 148 126]
  [135 147 125]
  [134 146 124]
  ...
  [141 139 161]
  [143 141 163]
  [142 140 162]]

 [[133 146 124]
  [132 145 123]
  [132 145 123]
  ...
  [144 142 164]
  [145 143 165]
  [143 141 163]]

 ...

 [[217 198 190]
  [216 197 189]
  [214 195 187]
  ...
  [255 255 255]
  [255 255 255]
  [255 255 255]]

 [[218 201 192]
  [216 199 190]
  [216 197 189]
  ...
  [255 255 255]
  [255 255 255]
  [255 255 255]]

 [[219 202 193]
  [217 200 191]
  [217 198 190]
  ...
  [255 255 255]
  [255 255 255]
  [255 255 255]]]